1.669771224260330200e-02
3.321251273155212402e-01
5.524854063987731934e-01
6.234081387519836426e-01
6.704620122909545898e-01
7.042400240898132324e-01
7.239057421684265137e-01
7.395442724227905273e-01
7.610388398170471191e-01
7.681844234466552734e-01
7.656852006912231445e-01
7.677742242813110352e-01
7.690054178237915039e-01
7.694981694221496582e-01
7.716225981712341309e-01
7.726503610610961914e-01
7.777960896492004395e-01
7.756729722023010254e-01
7.767208814620971680e-01
7.781369090080261230e-01
