4.199953301196888700e-01
2.583093028226047250e-01
1.742814323560870349e-01
1.433437215309068813e-01
1.247337071775154738e-01
1.150535327126633867e-01
1.058660220219681258e-01
1.004699512042220994e-01
9.174404022105307754e-02
9.060561237132920553e-02
9.026328206950209876e-02
8.997586093495546500e-02
8.934076489407781485e-02
8.866431088297786756e-02
8.791565709781153093e-02
8.733928919687790338e-02
8.605186216571787672e-02
8.646503797312474204e-02
8.600868274086188869e-02
8.561494719681035648e-02
