4.217910819489103513e-01
2.481888905553620017e-01
1.691396297607088428e-01
1.381453714222488083e-01
1.204113047280459814e-01
1.101810034615388206e-01
1.046836890010018478e-01
9.982911966393648306e-02
9.104351974406081627e-02
8.945767577602455056e-02
8.916314423972152015e-02
8.835194137314131280e-02
8.791884641920655330e-02
8.713551270027543316e-02
8.681251948284361697e-02
8.614927341128877925e-02
8.462720659653140409e-02
8.522504865351118730e-02
8.475569511131610112e-02
8.493556152701069173e-02
